0 0.940625 0.18181818181818202 0.84375 0.181818181818182 0.84375 0.5227272727272729 0.940625 0.5227272727272729
0 0.75 0.12215909090909106 0.66875 0.12215909090909106 0.66875 0.41477272727272746 0.75 0.41477272727272746
2 0.734375 0.25852272727272746 0.678125 0.25852272727272746 0.678125 0.31818181818181834 0.734375 0.31818181818181834
2 0.9375 0.35511363636363663 0.9109375 0.35511363636363663 0.9109375 0.5000000000000001 0.9375 0.5000000000000001
1 0.4828125 0.22443181818181826 0.40625 0.22443181818181826 0.40625 0.528409090909091 0.4828125 0.528409090909091
1 0.4359375 0.17045454545454553 0.3484375 0.17045454545454553 0.3484375 0.5767045454545455 0.4359375 0.5767045454545456
1 0.353125 0.215909090909091 0.2625 0.215909090909091 0.2625 0.6193181818181818 0.353125 0.6193181818181818
1 0.2796875 0.2926136363636364 0.175 0.29261363636363635 0.17500000000000002 0.5681818181818182 0.2796875 0.5681818181818182
1 0.17187500000000006 0.3693181818181818 0.11875000000000005 0.3693181818181818 0.11875000000000005 0.8295454545454546 0.17187500000000006 0.8295454545454546
1 0.28593750000000007 0.4460227272727273 0.17812500000000003 0.4460227272727273 0.17812500000000003 0.9119318181818182 0.28593750000000007 0.9119318181818182
1 0.4359375 0.5738636363636365 0.275 0.5738636363636364 0.275 1 0.4359375 1